Epoch,Total_Loss,Link_Loss,Prio_Loss
0,8.05799,1.21558,6.84241
1,0.78392,0.67866,0.10526
2,0.68557,0.63124,0.05433
3,0.64361,0.60574,0.03787
4,0.60851,0.57731,0.03121
5,0.58988,0.55969,0.03018
6,0.59282,0.55773,0.03508
7,0.57793,0.55005,0.02788
8,0.57211,0.54428,0.02783
9,0.57175,0.54503,0.02672
10,0.56833,0.54174,0.02659
11,0.56795,0.54171,0.02624
12,0.56683,0.54188,0.02495
13,0.56281,0.53751,0.02530
14,0.56182,0.53724,0.02458
15,0.55958,0.53378,0.02580
16,0.55905,0.53449,0.02456
17,0.55522,0.53117,0.02405
18,0.55237,0.52883,0.02355
19,0.55108,0.52724,0.02384
20,0.54814,0.52442,0.02372
21,0.54654,0.52292,0.02362
22,0.54653,0.52226,0.02427
23,0.54332,0.51942,0.02391
24,0.54139,0.51790,0.02349
25,0.53868,0.51542,0.02326
26,0.53429,0.51091,0.02338
27,0.53449,0.51131,0.02319
28,0.53386,0.51062,0.02324
29,0.53128,0.50844,0.02285
30,0.52918,0.50628,0.02289
31,0.53054,0.50749,0.02305
32,0.52764,0.50477,0.02287
33,0.52481,0.50204,0.02277
34,0.52793,0.50518,0.02275
35,0.52561,0.50300,0.02261
36,0.52039,0.49809,0.02230
37,0.52262,0.50019,0.02244
38,0.52212,0.49992,0.02220
39,0.52307,0.50099,0.02208
40,0.51787,0.49576,0.02210
41,0.51711,0.49473,0.02238
42,0.51806,0.49597,0.02210
43,0.51394,0.49182,0.02212
44,0.51685,0.49470,0.02215
45,0.51633,0.49452,0.02182
46,0.51512,0.49308,0.02203
47,0.51126,0.48902,0.02224
48,0.51043,0.48828,0.02214
49,0.51405,0.49197,0.02208
50,0.51194,0.48975,0.02219
51,0.51107,0.48905,0.02202
52,0.50861,0.48654,0.02207
53,0.50682,0.48485,0.02197
54,0.50766,0.48542,0.02223
55,0.51034,0.48848,0.02186
56,0.50678,0.48492,0.02187
57,0.50505,0.48327,0.02178
58,0.50395,0.48215,0.02180
59,0.50446,0.48277,0.02169
60,0.50119,0.47937,0.02182
61,0.50286,0.48120,0.02166
62,0.50200,0.48033,0.02168
63,0.49971,0.47813,0.02157
64,0.49753,0.47586,0.02168
65,0.49811,0.47623,0.02188
66,0.50410,0.48243,0.02167
67,0.49969,0.47797,0.02171
68,0.49920,0.47740,0.02180
69,0.49683,0.47511,0.02172
70,0.49787,0.47620,0.02168
71,0.49197,0.47006,0.02190
72,0.49908,0.47734,0.02174
73,0.49993,0.47830,0.02163
74,0.49632,0.47462,0.02171
75,0.49976,0.47807,0.02169
76,0.49197,0.47029,0.02168
77,0.49633,0.47455,0.02177
78,0.49873,0.47712,0.02160
79,0.49565,0.47404,0.02161
80,0.49414,0.47241,0.02174
81,0.49872,0.47711,0.02160
82,0.49762,0.47608,0.02155
83,0.49292,0.47134,0.02158
84,0.49242,0.47080,0.02162
85,0.49372,0.47217,0.02155
86,0.49339,0.47184,0.02155
87,0.49437,0.47247,0.02190
88,0.49083,0.46928,0.02155
89,0.48859,0.46705,0.02154
90,0.49324,0.47156,0.02168
91,0.48904,0.46749,0.02154
92,0.49726,0.47569,0.02157
93,0.48795,0.46623,0.02172
94,0.49446,0.47287,0.02159
95,0.48669,0.46505,0.02164
96,0.48802,0.46619,0.02183
97,0.48781,0.46630,0.02151
98,0.49041,0.46893,0.02148
99,0.49361,0.47210,0.02151
100,0.48292,0.46143,0.02149
101,0.48456,0.46308,0.02148
102,0.49269,0.47121,0.02148
103,0.48480,0.46328,0.02152
104,0.48692,0.46529,0.02163
105,0.48987,0.46815,0.02172
106,0.48773,0.46624,0.02149
107,0.48308,0.46156,0.02152
108,0.48773,0.46584,0.02189
109,0.48704,0.46555,0.02149
110,0.48087,0.45941,0.02146
111,0.48667,0.46518,0.02149
112,0.48868,0.46706,0.02161
113,0.48286,0.46090,0.02195
114,0.48683,0.46512,0.02172
115,0.48465,0.46314,0.02151
116,0.48409,0.46263,0.02146
117,0.48310,0.46155,0.02155
118,0.48063,0.45918,0.02145
119,0.48038,0.45896,0.02142
120,0.47907,0.45766,0.02141
121,0.47929,0.45787,0.02142
122,0.47680,0.45541,0.02139
123,0.47651,0.45498,0.02153
124,0.47937,0.45794,0.02143
125,0.47695,0.45550,0.02144
126,0.48381,0.46238,0.02143
127,0.47708,0.45569,0.02139
128,0.48275,0.46140,0.02135
129,0.47994,0.45847,0.02147
130,0.47784,0.45628,0.02156
131,0.48017,0.45886,0.02131
132,0.48405,0.46269,0.02136
133,0.48295,0.46160,0.02135
134,0.47301,0.45157,0.02144
135,0.47839,0.45716,0.02124
136,0.47235,0.45101,0.02133
137,0.47714,0.45567,0.02147
138,0.47414,0.45284,0.02129
139,0.47953,0.45813,0.02140
140,0.47312,0.45186,0.02125
141,0.47421,0.45298,0.02123
142,0.47768,0.45628,0.02139
143,0.47314,0.45174,0.02140
144,0.48125,0.45987,0.02138
145,0.47967,0.45821,0.02146
146,0.47539,0.45400,0.02139
147,0.47816,0.45679,0.02137
148,0.47519,0.45361,0.02158
149,0.47904,0.45757,0.02147
150,0.47227,0.45103,0.02124
151,0.47485,0.45355,0.02130
152,0.46795,0.44651,0.02144
153,0.46875,0.44738,0.02138
154,0.47682,0.45558,0.02124
155,0.47570,0.45415,0.02155
156,0.46958,0.44824,0.02135
157,0.46677,0.44534,0.02143
158,0.47357,0.45220,0.02137
159,0.47157,0.45035,0.02123
160,0.46593,0.44445,0.02148
161,0.46790,0.44640,0.02150
162,0.46836,0.44705,0.02131
163,0.47211,0.45104,0.02107
164,0.47229,0.45111,0.02118
165,0.46825,0.44688,0.02136
166,0.46831,0.44687,0.02144
167,0.47393,0.45276,0.02117
168,0.47061,0.44945,0.02115
169,0.47481,0.45360,0.02121
170,0.47137,0.45006,0.02132
171,0.47112,0.44988,0.02124
172,0.47464,0.45332,0.02132
173,0.46236,0.44079,0.02157
174,0.46599,0.44458,0.02140
175,0.46420,0.44281,0.02139
176,0.47031,0.44917,0.02114
177,0.47067,0.44928,0.02139
178,0.47366,0.45252,0.02113
179,0.46737,0.44609,0.02128
180,0.46870,0.44738,0.02132
181,0.47465,0.45333,0.02131
182,0.46588,0.44437,0.02150
183,0.47003,0.44887,0.02116
184,0.46128,0.43986,0.02142
185,0.46730,0.44610,0.02120
186,0.47111,0.44991,0.02120
187,0.46394,0.44267,0.02127
188,0.47084,0.44961,0.02122
189,0.46623,0.44514,0.02109
190,0.47275,0.45152,0.02123
191,0.46448,0.44343,0.02105
192,0.46876,0.44743,0.02133
193,0.46839,0.44714,0.02125
194,0.46560,0.44433,0.02127
195,0.47101,0.44994,0.02107
196,0.45836,0.43716,0.02120
197,0.46924,0.44801,0.02124
198,0.46231,0.44108,0.02123
199,0.46833,0.44712,0.02120
200,0.46766,0.44660,0.02106
201,0.46799,0.44673,0.02126
202,0.46485,0.44348,0.02138
203,0.46315,0.44186,0.02129
204,0.47079,0.44950,0.02129
205,0.46724,0.44615,0.02110
206,0.46555,0.44455,0.02100
207,0.46489,0.44370,0.02119
208,0.46298,0.44191,0.02107
209,0.46013,0.43911,0.02103
210,0.46443,0.44329,0.02114
211,0.46295,0.44188,0.02107
212,0.45863,0.43767,0.02096
213,0.46460,0.44351,0.02109
214,0.46655,0.44545,0.02110
215,0.46588,0.44467,0.02121
216,0.46722,0.44604,0.02118
217,0.46277,0.44166,0.02111
218,0.45946,0.43839,0.02108
219,0.46005,0.43878,0.02127
220,0.45900,0.43807,0.02093
221,0.46100,0.43953,0.02147
222,0.45859,0.43736,0.02123
223,0.46093,0.43984,0.02109
224,0.46130,0.44020,0.02110
225,0.46187,0.44063,0.02124
226,0.46082,0.43970,0.02112
227,0.46286,0.44184,0.02102
228,0.46036,0.43937,0.02099
229,0.46590,0.44455,0.02135
230,0.45855,0.43746,0.02110
231,0.45646,0.43526,0.02120
232,0.46504,0.44394,0.02110
233,0.45939,0.43839,0.02100
234,0.46031,0.43906,0.02126
235,0.46027,0.43867,0.02159
236,0.45992,0.43863,0.02129
237,0.46441,0.44345,0.02097
238,0.46500,0.44399,0.02101
239,0.46061,0.43928,0.02133
240,0.46206,0.44087,0.02120
241,0.46272,0.44161,0.02111
242,0.46110,0.43998,0.02112
243,0.46398,0.44287,0.02111
244,0.45934,0.43816,0.02117
245,0.46097,0.43974,0.02123
246,0.46182,0.44085,0.02098
247,0.46245,0.44137,0.02107
248,0.45278,0.43175,0.02103
249,0.45733,0.43620,0.02113
250,0.46310,0.44213,0.02096
251,0.46720,0.44613,0.02108
252,0.45488,0.43386,0.02101
253,0.45983,0.43889,0.02094
254,0.45966,0.43862,0.02103
255,0.45343,0.43242,0.02102
256,0.45653,0.43552,0.02101
257,0.46228,0.44127,0.02101
258,0.46528,0.44410,0.02118
259,0.45590,0.43490,0.02100
260,0.46197,0.44096,0.02101
261,0.45800,0.43700,0.02099
262,0.46336,0.44237,0.02099
263,0.45397,0.43295,0.02101
264,0.45684,0.43574,0.02110
265,0.45356,0.43257,0.02099
266,0.45600,0.43501,0.02099
267,0.45925,0.43831,0.02094
268,0.45775,0.43671,0.02104
269,0.45361,0.43243,0.02117
270,0.45878,0.43781,0.02097
271,0.45488,0.43360,0.02128
272,0.45206,0.43098,0.02108
273,0.45523,0.43432,0.02091
274,0.46055,0.43964,0.02091
275,0.46020,0.43933,0.02087
276,0.45986,0.43891,0.02095
277,0.45777,0.43676,0.02101
278,0.46076,0.43972,0.02104
279,0.46035,0.43927,0.02109
280,0.45548,0.43457,0.02091
281,0.45187,0.43094,0.02093
282,0.45825,0.43712,0.02112
283,0.46080,0.43974,0.02105
284,0.45007,0.42904,0.02103
285,0.45495,0.43391,0.02104
286,0.45535,0.43388,0.02147
287,0.45389,0.43282,0.02107
288,0.44916,0.42828,0.02088
289,0.45800,0.43691,0.02108
290,0.45412,0.43308,0.02104
291,0.45199,0.43087,0.02112
292,0.45699,0.43591,0.02107
293,0.45188,0.43087,0.02101
294,0.45419,0.43334,0.02085
295,0.45074,0.42982,0.02092
296,0.45989,0.43888,0.02101
297,0.45609,0.43519,0.02090
298,0.45291,0.43194,0.02096
299,0.45624,0.43524,0.02100
300,0.44467,0.42376,0.02091
301,0.44955,0.42868,0.02087
302,0.45414,0.43294,0.02120
303,0.44729,0.42622,0.02107
304,0.45353,0.43253,0.02100
305,0.45104,0.42974,0.02130
306,0.45720,0.43616,0.02105
307,0.45353,0.43267,0.02086
308,0.45300,0.43210,0.02091
309,0.44987,0.42892,0.02095
310,0.44984,0.42893,0.02091
311,0.45851,0.43733,0.02119
312,0.45190,0.43096,0.02093
313,0.44563,0.42475,0.02088
314,0.44785,0.42702,0.02083
315,0.45098,0.42970,0.02127
316,0.45191,0.43106,0.02085
317,0.45402,0.43304,0.02098
318,0.44995,0.42895,0.02099
319,0.45191,0.43098,0.02093
320,0.44797,0.42709,0.02088
321,0.44858,0.42754,0.02104
322,0.44923,0.42833,0.02090
323,0.45541,0.43443,0.02098
324,0.44978,0.42883,0.02095
325,0.44869,0.42749,0.02120
326,0.45159,0.43049,0.02109
327,0.45180,0.43078,0.02102
328,0.45036,0.42913,0.02123
329,0.44578,0.42475,0.02103
330,0.44448,0.42335,0.02113
331,0.44486,0.42401,0.02085
332,0.44788,0.42706,0.02082
333,0.44852,0.42749,0.02103
334,0.45126,0.43019,0.02106
335,0.44261,0.42160,0.02101
336,0.44856,0.42764,0.02092
337,0.44547,0.42451,0.02095
338,0.44502,0.42412,0.02091
339,0.45131,0.43036,0.02095
340,0.44914,0.42809,0.02105
341,0.45023,0.42921,0.02102
342,0.44467,0.42378,0.02089
343,0.45002,0.42911,0.02090
344,0.45171,0.43079,0.02092
345,0.45483,0.43378,0.02105
346,0.44861,0.42770,0.02091
347,0.45021,0.42914,0.02108
348,0.44732,0.42626,0.02106
349,0.45003,0.42916,0.02087
350,0.44696,0.42603,0.02094
351,0.45356,0.43244,0.02112
352,0.44812,0.42707,0.02106
353,0.45432,0.43344,0.02089
354,0.44741,0.42652,0.02089
355,0.45104,0.43001,0.02103
356,0.44757,0.42665,0.02092
357,0.44920,0.42825,0.02094
358,0.43939,0.41856,0.02083
359,0.44491,0.42398,0.02093
360,0.44396,0.42307,0.02089
361,0.44383,0.42286,0.02098
362,0.44957,0.42867,0.02090
363,0.44038,0.41939,0.02099
364,0.44734,0.42655,0.02079
365,0.44420,0.42322,0.02098
366,0.44851,0.42768,0.02083
367,0.45106,0.43020,0.02086
368,0.44329,0.42244,0.02085
369,0.44505,0.42408,0.02097
370,0.44155,0.42077,0.02078
371,0.44483,0.42392,0.02091
372,0.43819,0.41727,0.02093
373,0.44596,0.42483,0.02114
374,0.44878,0.42799,0.02079
375,0.44507,0.42426,0.02081
376,0.44482,0.42390,0.02093
377,0.44289,0.42182,0.02107
378,0.44051,0.41966,0.02085
379,0.44857,0.42753,0.02104
380,0.44291,0.42182,0.02109
381,0.44801,0.42697,0.02103
382,0.44138,0.42025,0.02113
383,0.43776,0.41681,0.02095
384,0.44329,0.42239,0.02090
385,0.43724,0.41643,0.02081
386,0.44156,0.42058,0.02098
387,0.43431,0.41353,0.02078
388,0.44092,0.42004,0.02088
389,0.43849,0.41712,0.02138
390,0.43905,0.41816,0.02089
391,0.44203,0.42103,0.02099
392,0.44033,0.41937,0.02096
393,0.44524,0.42429,0.02095
394,0.43426,0.41295,0.02131
395,0.43978,0.41891,0.02087
396,0.43879,0.41794,0.02085
397,0.43898,0.41814,0.02084
398,0.43500,0.41411,0.02089
399,0.43899,0.41817,0.02082
400,0.43946,0.41865,0.02081
401,0.43143,0.41050,0.02093
402,0.44303,0.42211,0.02092
403,0.44570,0.42475,0.02096
404,0.44267,0.42171,0.02096
405,0.43881,0.41789,0.02092
406,0.44655,0.42572,0.02084
407,0.44269,0.42181,0.02088
408,0.42990,0.40905,0.02085
409,0.43998,0.41900,0.02098
410,0.42909,0.40837,0.02072
411,0.43571,0.41488,0.02082
412,0.44042,0.41951,0.02091
413,0.43486,0.41392,0.02094
414,0.43513,0.41427,0.02086
415,0.43146,0.41059,0.02087
416,0.44585,0.42497,0.02089
417,0.43095,0.40999,0.02096
418,0.43473,0.41362,0.02111
419,0.43381,0.41281,0.02100
420,0.44022,0.41935,0.02087
421,0.43617,0.41528,0.02088
422,0.43504,0.41420,0.02084
423,0.44036,0.41944,0.02092
424,0.42843,0.40740,0.02103
425,0.43646,0.41545,0.02101
426,0.43265,0.41184,0.02081
427,0.43161,0.41043,0.02119
428,0.43479,0.41393,0.02086
429,0.44717,0.42629,0.02088
430,0.42448,0.40362,0.02086
431,0.43465,0.41370,0.02095
432,0.43815,0.41721,0.02095
433,0.43227,0.41135,0.02092
434,0.43426,0.41306,0.02120
435,0.43202,0.41112,0.02090
436,0.43350,0.41261,0.02090
437,0.43607,0.41505,0.02101
438,0.42932,0.40840,0.02092
439,0.43238,0.41138,0.02100
440,0.43300,0.41224,0.02076
441,0.42775,0.40677,0.02098
442,0.43731,0.41634,0.02097
443,0.43094,0.41004,0.02089
444,0.42901,0.40811,0.02090
445,0.42904,0.40813,0.02090
446,0.43080,0.40968,0.02112
447,0.43782,0.41677,0.02106
448,0.42141,0.40047,0.02094
449,0.42709,0.40619,0.02090
450,0.42985,0.40897,0.02089
451,0.43075,0.40968,0.02107
452,0.42450,0.40361,0.02089
453,0.41853,0.39768,0.02085
454,0.43142,0.41052,0.02090
455,0.42724,0.40635,0.02089
456,0.42852,0.40754,0.02098
457,0.42509,0.40420,0.02090
458,0.42731,0.40632,0.02099
459,0.43179,0.41079,0.02099
460,0.41998,0.39896,0.02101
461,0.43026,0.40933,0.02093
462,0.42575,0.40467,0.02108
463,0.42745,0.40639,0.02106
464,0.42877,0.40786,0.02090
465,0.42981,0.40874,0.02107
466,0.42861,0.40767,0.02094
467,0.43008,0.40902,0.02106
468,0.41704,0.39606,0.02098
469,0.43493,0.41397,0.02096
470,0.42589,0.40488,0.02101
471,0.41894,0.39787,0.02107
472,0.43116,0.41018,0.02098
473,0.42604,0.40483,0.02121
474,0.41940,0.39842,0.02098
475,0.42648,0.40540,0.02107
476,0.42648,0.40548,0.02100
477,0.41143,0.39051,0.02092
478,0.42650,0.40548,0.02103
479,0.42423,0.40325,0.02098
480,0.42491,0.40381,0.02110
481,0.42120,0.40022,0.02098
482,0.42090,0.40001,0.02090
483,0.41811,0.39719,0.02091
484,0.42034,0.39882,0.02152
485,0.42744,0.40640,0.02103
486,0.41537,0.39416,0.02121
487,0.40569,0.38464,0.02105
488,0.41782,0.39679,0.02103
489,0.41815,0.39706,0.02109
490,0.41410,0.39296,0.02114
491,0.42010,0.39894,0.02116
492,0.41756,0.39646,0.02109
493,0.41297,0.39197,0.02100
494,0.41868,0.39765,0.02103
495,0.41094,0.38997,0.02097
496,0.41293,0.39196,0.02097
497,0.40974,0.38882,0.02092
498,0.41269,0.39181,0.02088
499,0.41873,0.39775,0.02098
500,0.41441,0.39345,0.02096
501,0.41058,0.38958,0.02100
502,0.41728,0.39624,0.02103
503,0.41016,0.38922,0.02093
504,0.41094,0.38997,0.02096
505,0.41730,0.39607,0.02122
506,0.40959,0.38858,0.02101
507,0.41431,0.39318,0.02113
508,0.40943,0.38844,0.02099
509,0.41166,0.39061,0.02105
510,0.41617,0.39504,0.02114
511,0.40977,0.38845,0.02132
512,0.41029,0.38921,0.02108
513,0.40514,0.38394,0.02120
514,0.41898,0.39784,0.02114
515,0.40613,0.38498,0.02115
516,0.40929,0.38825,0.02104
517,0.40876,0.38764,0.02112
518,0.41187,0.39072,0.02116
519,0.41061,0.38935,0.02126
520,0.40806,0.38695,0.02111
521,0.40110,0.38006,0.02104
522,0.41344,0.39216,0.02129
523,0.41476,0.39365,0.02112
524,0.40640,0.38521,0.02119
525,0.40983,0.38870,0.02113
526,0.40678,0.38568,0.02110
527,0.39960,0.37844,0.02116
528,0.40413,0.38298,0.02115
529,0.39858,0.37744,0.02113
530,0.39693,0.37580,0.02113
531,0.40322,0.38205,0.02118
532,0.40418,0.38311,0.02107
533,0.40097,0.37993,0.02104
534,0.39976,0.37865,0.02111
535,0.40056,0.37948,0.02108
536,0.39809,0.37679,0.02130
537,0.39775,0.37642,0.02133
538,0.39917,0.37794,0.02122
539,0.39375,0.37252,0.02123
540,0.39385,0.37270,0.02115
541,0.39942,0.37822,0.02120
542,0.39396,0.37269,0.02127
543,0.39397,0.37281,0.02116
544,0.40296,0.38175,0.02120
545,0.40296,0.38186,0.02110
546,0.39424,0.37307,0.02116
547,0.38913,0.36794,0.02119
548,0.38967,0.36842,0.02125
549,0.39000,0.36852,0.02148
550,0.39348,0.37245,0.02102
551,0.39897,0.37772,0.02124
552,0.39363,0.37234,0.02130
553,0.38767,0.36644,0.02123
554,0.39558,0.37422,0.02136
555,0.39243,0.37115,0.02128
556,0.38828,0.36717,0.02111
557,0.38045,0.35912,0.02133
558,0.38817,0.36677,0.02140
559,0.38343,0.36226,0.02117
560,0.39285,0.37162,0.02123
561,0.38219,0.36109,0.02110
562,0.38817,0.36698,0.02119
563,0.37995,0.35874,0.02120
564,0.38541,0.36420,0.02121
565,0.38505,0.36397,0.02108
566,0.38184,0.36062,0.02122
567,0.38322,0.36205,0.02117
568,0.38415,0.36271,0.02144
569,0.37853,0.35722,0.02131
570,0.38213,0.36089,0.02124
571,0.37267,0.35140,0.02127
572,0.38685,0.36559,0.02126
573,0.38196,0.36073,0.02123
574,0.37540,0.35411,0.02128
575,0.37342,0.35205,0.02137
576,0.37779,0.35671,0.02108
577,0.38396,0.36262,0.02134
578,0.37000,0.34869,0.02131
579,0.37365,0.35215,0.02150
580,0.37366,0.35236,0.02129
581,0.37317,0.35201,0.02116
582,0.37010,0.34894,0.02116
583,0.37730,0.35595,0.02134
584,0.37136,0.34998,0.02138
585,0.37558,0.35431,0.02127
586,0.37484,0.35354,0.02130
587,0.36724,0.34603,0.02121
588,0.36797,0.34664,0.02133
589,0.36442,0.34301,0.02142
590,0.36800,0.34675,0.02124
591,0.36595,0.34457,0.02137
592,0.36780,0.34622,0.02158
593,0.36359,0.34231,0.02128
594,0.35886,0.33765,0.02121
595,0.36456,0.34337,0.02119
596,0.36310,0.34178,0.02132
597,0.36852,0.34702,0.02149
598,0.35826,0.33687,0.02139
599,0.36698,0.34575,0.02122
600,0.36326,0.34206,0.02121
601,0.35852,0.33720,0.02132
602,0.35694,0.33573,0.02121
603,0.36756,0.34632,0.02124
604,0.35732,0.33594,0.02138
605,0.35642,0.33502,0.02140
606,0.35268,0.33135,0.02133
607,0.35116,0.32980,0.02137
608,0.35851,0.33733,0.02118
609,0.35829,0.33686,0.02143
610,0.35047,0.32913,0.02134
611,0.35428,0.33300,0.02128
612,0.35745,0.33610,0.02135
613,0.34977,0.32837,0.02141
614,0.35495,0.33358,0.02137
615,0.35539,0.33413,0.02126
616,0.35264,0.33132,0.02132
617,0.34332,0.32211,0.02121
618,0.34667,0.32540,0.02127
619,0.35060,0.32909,0.02151
620,0.34278,0.32158,0.02121
621,0.34246,0.32126,0.02119
622,0.34671,0.32543,0.02128
623,0.34869,0.32731,0.02139
624,0.34271,0.32144,0.02128
625,0.33946,0.31804,0.02143
626,0.33773,0.31614,0.02159
627,0.33844,0.31708,0.02136
628,0.34474,0.32326,0.02148
629,0.33643,0.31515,0.02128
630,0.32776,0.30652,0.02124
631,0.33505,0.31376,0.02130
632,0.34744,0.32604,0.02140
633,0.33660,0.31515,0.02146
634,0.34386,0.32250,0.02137
635,0.33681,0.31561,0.02120
636,0.33453,0.31314,0.02139
637,0.33512,0.31358,0.02154
638,0.33741,0.31596,0.02145
639,0.33663,0.31533,0.02131
640,0.33177,0.31057,0.02120
641,0.33468,0.31335,0.02133
642,0.32659,0.30533,0.02126
643,0.33238,0.31104,0.02134
644,0.32732,0.30608,0.02124
645,0.32922,0.30782,0.02140
646,0.32100,0.29954,0.02146
647,0.32975,0.30836,0.02139
648,0.32467,0.30327,0.02140
649,0.32446,0.30318,0.02128
650,0.32310,0.30188,0.02122
651,0.32204,0.30069,0.02134
652,0.32067,0.29926,0.02141
653,0.32004,0.29891,0.02113
654,0.32197,0.30059,0.02139
655,0.32607,0.30467,0.02140
656,0.32368,0.30239,0.02129
657,0.32093,0.29970,0.02123
658,0.32097,0.29953,0.02144
659,0.31215,0.29089,0.02126
660,0.32215,0.30084,0.02132
661,0.31563,0.29434,0.02129
662,0.31394,0.29253,0.02142
663,0.30809,0.28662,0.02147
664,0.31080,0.28931,0.02149
665,0.31003,0.28877,0.02126
666,0.30939,0.28813,0.02127
667,0.31607,0.29478,0.02129
668,0.30442,0.28300,0.02142
669,0.30389,0.28255,0.02134
670,0.30540,0.28418,0.02123
671,0.30405,0.28261,0.02144
672,0.30642,0.28510,0.02131
673,0.30814,0.28665,0.02149
674,0.30399,0.28261,0.02138
675,0.30450,0.28314,0.02136
676,0.30374,0.28247,0.02127
677,0.30278,0.28149,0.02129
678,0.30158,0.28017,0.02142
679,0.30399,0.28267,0.02132
680,0.29954,0.27813,0.02141
681,0.29170,0.27031,0.02139
682,0.29426,0.27289,0.02137
683,0.30571,0.28429,0.02143
684,0.29790,0.27648,0.02142
685,0.29763,0.27645,0.02118
686,0.29476,0.27352,0.02125
687,0.29047,0.26871,0.02176
688,0.29592,0.27464,0.02127
689,0.29385,0.27248,0.02137
690,0.29140,0.27009,0.02131
691,0.29404,0.27260,0.02144
692,0.28521,0.26406,0.02115
693,0.29018,0.26894,0.02124
694,0.28482,0.26357,0.02125
695,0.28701,0.26571,0.02131
696,0.28376,0.26233,0.02143
697,0.28069,0.25923,0.02146
698,0.28272,0.26132,0.02141
699,0.28989,0.26868,0.02121
700,0.28632,0.26498,0.02134
701,0.28073,0.25949,0.02124
702,0.28240,0.26118,0.02122
703,0.27514,0.25379,0.02134
704,0.28265,0.26122,0.02142
705,0.27678,0.25549,0.02129
706,0.27935,0.25805,0.02130
707,0.27478,0.25325,0.02153
708,0.27780,0.25642,0.02138
709,0.27337,0.25197,0.02141
710,0.27219,0.25084,0.02134
711,0.27638,0.25504,0.02134
712,0.26899,0.24767,0.02132
713,0.27295,0.25166,0.02128
714,0.27620,0.25496,0.02123
715,0.27195,0.25049,0.02146
716,0.27178,0.25034,0.02144
717,0.27159,0.25036,0.02123
718,0.27169,0.25028,0.02141
719,0.26930,0.24791,0.02139
720,0.26278,0.24141,0.02136
721,0.26599,0.24450,0.02148
722,0.26385,0.24250,0.02135
723,0.26550,0.24390,0.02161
724,0.26775,0.24645,0.02130
725,0.26775,0.24648,0.02127
726,0.27260,0.25141,0.02119
727,0.26752,0.24610,0.02142
728,0.25789,0.23656,0.02134
729,0.25431,0.23292,0.02139
730,0.25974,0.23847,0.02128
731,0.25841,0.23699,0.02141
732,0.25918,0.23796,0.02122
733,0.25587,0.23424,0.02163
734,0.26304,0.24180,0.02124
735,0.25968,0.23836,0.02132
736,0.25289,0.23164,0.02124
737,0.25148,0.22998,0.02150
738,0.25670,0.23552,0.02119
739,0.25952,0.23822,0.02130
740,0.25327,0.23173,0.02154
741,0.25406,0.23281,0.02125
742,0.25242,0.23119,0.02124
743,0.25294,0.23158,0.02136
744,0.25129,0.22992,0.02138
745,0.25052,0.22917,0.02135
746,0.24971,0.22842,0.02128
747,0.25245,0.23113,0.02132
748,0.24609,0.22474,0.02135
749,0.24357,0.22225,0.02132
750,0.24813,0.22681,0.02132
751,0.24713,0.22571,0.02141
752,0.24674,0.22556,0.02118
753,0.24193,0.22033,0.02160
754,0.24391,0.22254,0.02137
755,0.24747,0.22611,0.02136
756,0.24455,0.22328,0.02126
757,0.23732,0.21599,0.02133
758,0.24154,0.22003,0.02151
759,0.23733,0.21608,0.02125
760,0.24085,0.21962,0.02123
761,0.23844,0.21710,0.02134
762,0.23809,0.21673,0.02136
763,0.23538,0.21415,0.02124
764,0.23456,0.21312,0.02143
765,0.23833,0.21701,0.02131
766,0.23256,0.21121,0.02135
767,0.23378,0.21230,0.02148
768,0.23156,0.21030,0.02126
769,0.22957,0.20830,0.02127
770,0.23066,0.20882,0.02185
771,0.22999,0.20881,0.02117
772,0.23060,0.20930,0.02130
773,0.23525,0.21387,0.02138
774,0.22708,0.20574,0.02134
775,0.22849,0.20716,0.02133
776,0.22942,0.20803,0.02139
777,0.22715,0.20593,0.02122
778,0.23005,0.20875,0.02130
779,0.22720,0.20595,0.02125
780,0.22472,0.20348,0.02124
781,0.22755,0.20622,0.02133
782,0.22338,0.20219,0.02120
783,0.22735,0.20612,0.02124
784,0.22369,0.20210,0.02159
785,0.22306,0.20182,0.02124
786,0.21786,0.19665,0.02121
787,0.22105,0.19971,0.02134
788,0.22283,0.20160,0.02123
789,0.22255,0.20126,0.02129
790,0.21874,0.19747,0.02127
791,0.21389,0.19227,0.02162
792,0.21481,0.19348,0.02133
793,0.22154,0.20029,0.02125
794,0.21879,0.19751,0.02128
795,0.21587,0.19459,0.02127
796,0.21382,0.19254,0.02128
797,0.21381,0.19230,0.02151
798,0.20790,0.18661,0.02129
799,0.21096,0.18953,0.02143
800,0.20967,0.18849,0.02118
801,0.20949,0.18839,0.02110
802,0.21475,0.19338,0.02137
803,0.20704,0.18576,0.02128
804,0.21013,0.18895,0.02119
805,0.20649,0.18518,0.02131
806,0.20740,0.18618,0.02122
807,0.20248,0.18115,0.02133
808,0.20400,0.18287,0.02112
809,0.20153,0.18023,0.02131
810,0.20589,0.18467,0.02122
811,0.20194,0.18064,0.02130
812,0.20913,0.18794,0.02118
813,0.20323,0.18213,0.02110
814,0.20352,0.18216,0.02136
815,0.20308,0.18166,0.02142
816,0.20043,0.17917,0.02125
817,0.20161,0.18046,0.02115
818,0.20255,0.18130,0.02125
819,0.20056,0.17918,0.02138
820,0.19792,0.17654,0.02138
821,0.19622,0.17486,0.02136
822,0.19248,0.17112,0.02136
823,0.19470,0.17344,0.02126
824,0.20135,0.18012,0.02123
825,0.20154,0.18041,0.02113
826,0.19089,0.16972,0.02117
827,0.19828,0.17715,0.02112
828,0.19035,0.16912,0.02123
829,0.19252,0.17133,0.02119
830,0.19012,0.16870,0.02142
831,0.19104,0.16980,0.02124
832,0.19066,0.16929,0.02138
833,0.19231,0.17112,0.02119
834,0.18845,0.16715,0.02130
835,0.18566,0.16440,0.02126
836,0.18962,0.16827,0.02135
837,0.18551,0.16394,0.02156
838,0.18838,0.16709,0.02129
839,0.19413,0.17297,0.02116
840,0.19362,0.17245,0.02117
841,0.18759,0.16630,0.02129
842,0.18688,0.16569,0.02119
843,0.18590,0.16458,0.02132
844,0.18480,0.16363,0.02116
845,0.18513,0.16393,0.02121
846,0.18238,0.16133,0.02106
847,0.17955,0.15827,0.02128
848,0.18572,0.16447,0.02125
849,0.18310,0.16196,0.02114
850,0.18204,0.16074,0.02130
851,0.18055,0.15920,0.02135
852,0.17987,0.15873,0.02114
853,0.18638,0.16524,0.02114
854,0.17795,0.15671,0.02125
855,0.17849,0.15703,0.02147
856,0.17291,0.15151,0.02140
857,0.17796,0.15682,0.02114
858,0.18147,0.16032,0.02115
859,0.17080,0.14957,0.02123
860,0.17795,0.15682,0.02113
861,0.17913,0.15802,0.02111
862,0.17478,0.15352,0.02127
863,0.17455,0.15338,0.02117
864,0.17513,0.15395,0.02118
865,0.17342,0.15224,0.02117
866,0.17259,0.15132,0.02127
867,0.17265,0.15139,0.02126
868,0.17115,0.15009,0.02106
869,0.17023,0.14909,0.02114
870,0.17086,0.14957,0.02129
871,0.16686,0.14544,0.02142
872,0.16387,0.14256,0.02130
873,0.17221,0.15103,0.02118
874,0.16642,0.14522,0.02121
875,0.16987,0.14870,0.02117
876,0.16865,0.14687,0.02178
877,0.16022,0.13825,0.02197
878,0.16577,0.14455,0.02122
879,0.16813,0.14703,0.02110
880,0.17093,0.14974,0.02119
881,0.16687,0.14548,0.02139
882,0.16480,0.14371,0.02109
883,0.16513,0.14387,0.02126
884,0.16633,0.14522,0.02112
885,0.16091,0.13969,0.02122
886,0.16161,0.14041,0.02120
887,0.16504,0.14374,0.02131
888,0.15997,0.13878,0.02118
889,0.16414,0.14297,0.02117
890,0.16228,0.14099,0.02129
891,0.16162,0.14034,0.02128
892,0.15869,0.13758,0.02111
893,0.15750,0.13624,0.02127
894,0.15788,0.13666,0.02122
895,0.15943,0.13833,0.02110
896,0.15545,0.13428,0.02117
897,0.15841,0.13722,0.02120
898,0.15673,0.13557,0.02116
899,0.15784,0.13675,0.02108
900,0.15773,0.13656,0.02118
901,0.15625,0.13520,0.02105
902,0.15416,0.13296,0.02119
903,0.15352,0.13229,0.02123
904,0.15027,0.12909,0.02118
905,0.15272,0.13163,0.02109
906,0.15173,0.13050,0.02122
907,0.15715,0.13584,0.02131
908,0.15491,0.13374,0.02117
909,0.15295,0.13175,0.02120
910,0.15577,0.13466,0.02112
911,0.15239,0.13121,0.02119
912,0.14885,0.12776,0.02109
913,0.14678,0.12556,0.02123
914,0.14889,0.12771,0.02118
915,0.14572,0.12450,0.02121
916,0.14962,0.12846,0.02115
917,0.15143,0.13033,0.02110
918,0.14733,0.12610,0.02123
919,0.14868,0.12750,0.02118
920,0.14598,0.12486,0.02112
921,0.14838,0.12731,0.02107
922,0.14641,0.12519,0.02122
923,0.14834,0.12712,0.02122
924,0.14287,0.12169,0.02118
925,0.14787,0.12675,0.02112
926,0.14045,0.11919,0.02126
927,0.14345,0.12218,0.02127
928,0.14141,0.12023,0.02118
929,0.13908,0.11796,0.02111
930,0.14198,0.12092,0.02106
931,0.14563,0.12456,0.02107
932,0.14017,0.11830,0.02187
933,0.13433,0.11267,0.02166
934,0.14390,0.12272,0.02118
935,0.14288,0.12176,0.02111
936,0.14263,0.12162,0.02101
937,0.14066,0.11944,0.02122
938,0.13796,0.11673,0.02123
939,0.13448,0.11325,0.02123
940,0.13784,0.11669,0.02115
941,0.13529,0.11409,0.02119
942,0.14067,0.11953,0.02113
943,0.13721,0.11608,0.02113
944,0.13628,0.11523,0.02105
945,0.13754,0.11649,0.02105
946,0.13808,0.11694,0.02113
947,0.13486,0.11372,0.02114
948,0.13777,0.11679,0.02098
949,0.13749,0.11650,0.02099
950,0.13699,0.11564,0.02135
951,0.13640,0.11501,0.02139
952,0.13135,0.11027,0.02108
953,0.13002,0.10859,0.02143
954,0.13236,0.11117,0.02119
955,0.13486,0.11376,0.02109
956,0.13566,0.11448,0.02119
957,0.13074,0.10961,0.02113
958,0.13014,0.10881,0.02133
959,0.12812,0.10707,0.02105
960,0.12940,0.10837,0.02103
961,0.13081,0.10977,0.02104
962,0.13189,0.11091,0.02098
963,0.13378,0.11277,0.02101
964,0.13400,0.11305,0.02095
965,0.13117,0.10988,0.02130
966,0.13175,0.11073,0.02102
967,0.13301,0.11192,0.02108
968,0.13250,0.11144,0.02105
969,0.12870,0.10766,0.02104
970,0.13058,0.10945,0.02112
971,0.12989,0.10884,0.02105
972,0.12829,0.10733,0.02096
973,0.12788,0.10681,0.02107
974,0.12734,0.10626,0.02108
975,0.12399,0.10288,0.02111
976,0.12403,0.10289,0.02114
977,0.12652,0.10539,0.02113
978,0.12385,0.10281,0.02104
979,0.12628,0.10518,0.02111
980,0.12407,0.10290,0.02117
981,0.11877,0.09767,0.02111
982,0.11846,0.09734,0.02112
983,0.12062,0.09957,0.02105
984,0.12612,0.10498,0.02114
985,0.12372,0.10235,0.02137
986,0.12561,0.10451,0.02110
987,0.12492,0.10372,0.02120
988,0.12605,0.10490,0.02115
989,0.12170,0.10079,0.02091
990,0.12316,0.10200,0.02117
991,0.11889,0.09720,0.02168
992,0.11800,0.09647,0.02154
993,0.12308,0.10213,0.02095
994,0.11726,0.09562,0.02165
995,0.11667,0.09497,0.02169
996,0.11378,0.09214,0.02164
997,0.11565,0.09463,0.02102
998,0.11910,0.09796,0.02113
999,0.12200,0.10112,0.02088
1000,0.11941,0.09839,0.02102
1001,0.11880,0.09777,0.02103
1002,0.12111,0.10010,0.02101
1003,0.12302,0.10208,0.02094
1004,0.12001,0.09897,0.02104
1005,0.11793,0.09694,0.02099
1006,0.11816,0.09713,0.02103
1007,0.11799,0.09688,0.02110
1008,0.11637,0.09543,0.02093
1009,0.11956,0.09854,0.02102
1010,0.11599,0.09488,0.02110
1011,0.11879,0.09772,0.02107
1012,0.11607,0.09516,0.02091
1013,0.11739,0.09637,0.02102
1014,0.11822,0.09727,0.02096
1015,0.11411,0.09301,0.02110
1016,0.11160,0.09067,0.02093
1017,0.11375,0.09265,0.02110
1018,0.11195,0.09087,0.02108
1019,0.11412,0.09302,0.02110
1020,0.11098,0.08987,0.02111
1021,0.11194,0.09082,0.02111
1022,0.11150,0.09059,0.02092
1023,0.11230,0.09136,0.02094
1024,0.10948,0.08849,0.02100
1025,0.11058,0.08943,0.02115
1026,0.10820,0.08658,0.02161
1027,0.10684,0.08571,0.02113
1028,0.10914,0.08781,0.02133
1029,0.11224,0.09126,0.02098
1030,0.11098,0.09006,0.02092
1031,0.11082,0.08970,0.02112
1032,0.10672,0.08574,0.02097
1033,0.11134,0.09030,0.02103
1034,0.11052,0.08957,0.02096
1035,0.11004,0.08902,0.02102
1036,0.11062,0.08967,0.02095
1037,0.11183,0.09079,0.02104
1038,0.10506,0.08402,0.02104
1039,0.10464,0.08370,0.02094
1040,0.11004,0.08898,0.02107
1041,0.10905,0.08811,0.02094
1042,0.10803,0.08690,0.02113
1043,0.10473,0.08358,0.02115
1044,0.10734,0.08648,0.02086
1045,0.11250,0.09153,0.02097
1046,0.10756,0.08645,0.02112
1047,0.11029,0.08905,0.02124
1048,0.10630,0.08489,0.02141
1049,0.10465,0.08378,0.02088
1050,0.10504,0.08404,0.02100
1051,0.10511,0.08415,0.02096
1052,0.10923,0.08827,0.02096
1053,0.10712,0.08624,0.02088
1054,0.10606,0.08508,0.02098
1055,0.10868,0.08766,0.02102
1056,0.10292,0.08188,0.02104
1057,0.10068,0.07970,0.02098
1058,0.10335,0.08243,0.02092
1059,0.10688,0.08592,0.02096
1060,0.10416,0.08324,0.02092
1061,0.10531,0.08445,0.02086
1062,0.10518,0.08421,0.02097
1063,0.10369,0.08272,0.02097
1064,0.10478,0.08381,0.02097
1065,0.10259,0.08174,0.02085
1066,0.10241,0.08148,0.02093
1067,0.10193,0.08098,0.02095
1068,0.10040,0.07944,0.02096
1069,0.10125,0.08035,0.02090
1070,0.09965,0.07880,0.02085
1071,0.09950,0.07855,0.02095
1072,0.10246,0.08167,0.02079
1073,0.09834,0.07740,0.02094
1074,0.10000,0.07902,0.02098
1075,0.10177,0.08082,0.02095
1076,0.09862,0.07752,0.02110
1077,0.09903,0.07798,0.02105
1078,0.10003,0.07892,0.02111
1079,0.10109,0.08012,0.02097
1080,0.09949,0.07822,0.02127
1081,0.10361,0.08269,0.02092
1082,0.09958,0.07862,0.02096
1083,0.09744,0.07644,0.02100
1084,0.09837,0.07746,0.02091
1085,0.09515,0.07421,0.02093
1086,0.10073,0.07969,0.02104
1087,0.09713,0.07622,0.02091
1088,0.09676,0.07560,0.02116
1089,0.09874,0.07782,0.02092
1090,0.09872,0.07790,0.02082
1091,0.10060,0.07959,0.02101
1092,0.09717,0.07634,0.02083
1093,0.09763,0.07679,0.02084
1094,0.09511,0.07425,0.02087
1095,0.09887,0.07787,0.02100
1096,0.09590,0.07503,0.02087
1097,0.09843,0.07757,0.02086
1098,0.09576,0.07487,0.02089
1099,0.09532,0.07426,0.02106
1100,0.09635,0.07547,0.02088
1101,0.09777,0.07682,0.02095
1102,0.09586,0.07500,0.02085
1103,0.09667,0.07589,0.02079
1104,0.09464,0.07363,0.02100
1105,0.09139,0.07048,0.02091
1106,0.09043,0.06923,0.02120
1107,0.08986,0.06894,0.02092
1108,0.09296,0.07220,0.02077
1109,0.09349,0.07263,0.02085
1110,0.09562,0.07474,0.02088
1111,0.09057,0.06964,0.02093
1112,0.09216,0.07124,0.02092
1113,0.09492,0.07401,0.02091
1114,0.09360,0.07250,0.02110
1115,0.09132,0.07052,0.02080
1116,0.09260,0.07171,0.02089
1117,0.09083,0.06992,0.02091
1118,0.09101,0.07014,0.02087
1119,0.08988,0.06878,0.02110
1120,0.09058,0.06934,0.02124
1121,0.09234,0.07139,0.02095
1122,0.09290,0.07211,0.02080
1123,0.09221,0.07113,0.02108
1124,0.09214,0.07135,0.02079
1125,0.09175,0.07093,0.02082
1126,0.09189,0.07100,0.02089
1127,0.09248,0.07161,0.02086
1128,0.08959,0.06888,0.02071
1129,0.09229,0.07134,0.02094
1130,0.08641,0.06554,0.02087
1131,0.08643,0.06568,0.02075
1132,0.08918,0.06836,0.02082
1133,0.08719,0.06632,0.02087
1134,0.08647,0.06554,0.02093
1135,0.08739,0.06655,0.02085
1136,0.08881,0.06798,0.02083
1137,0.08989,0.06892,0.02097
1138,0.08899,0.06825,0.02075
1139,0.08786,0.06709,0.02077
1140,0.08855,0.06764,0.02090
1141,0.08874,0.06788,0.02086
1142,0.08845,0.06775,0.02070
1143,0.08965,0.06881,0.02084
1144,0.08936,0.06855,0.02081
1145,0.08923,0.06840,0.02084
1146,0.08854,0.06770,0.02084
1147,0.08812,0.06725,0.02087
1148,0.08896,0.06816,0.02080
1149,0.08717,0.06627,0.02091
1150,0.08751,0.06673,0.02078
1151,0.08492,0.06411,0.02081
1152,0.08216,0.06137,0.02078
1153,0.08667,0.06591,0.02076
1154,0.08670,0.06583,0.02087
1155,0.08296,0.06210,0.02086
1156,0.08617,0.06533,0.02085
1157,0.08421,0.06318,0.02103
1158,0.08294,0.06224,0.02070
1159,0.08836,0.06762,0.02074
1160,0.08433,0.06356,0.02077
1161,0.08466,0.06391,0.02075
1162,0.08582,0.06505,0.02077
1163,0.08709,0.06586,0.02123
1164,0.08356,0.06271,0.02085
1165,0.08632,0.06563,0.02070
1166,0.08545,0.06469,0.02077
1167,0.08461,0.06391,0.02070
1168,0.08436,0.06356,0.02080
1169,0.08433,0.06353,0.02079
1170,0.08549,0.06481,0.02069
1171,0.08606,0.06525,0.02081
1172,0.08266,0.06188,0.02078
1173,0.08090,0.06019,0.02071
1174,0.08301,0.06225,0.02076
1175,0.08403,0.06307,0.02096
1176,0.08090,0.05999,0.02091
1177,0.08281,0.06209,0.02072
1178,0.08213,0.06137,0.02075
1179,0.08374,0.06298,0.02076
1180,0.08380,0.06312,0.02068
1181,0.08158,0.06092,0.02067
1182,0.08051,0.05971,0.02080
1183,0.08074,0.06004,0.02070
1184,0.08027,0.05959,0.02068
1185,0.08424,0.06356,0.02068
1186,0.08369,0.06293,0.02076
1187,0.08156,0.06085,0.02071
1188,0.07942,0.05869,0.02073
1189,0.07850,0.05780,0.02070
1190,0.08194,0.06118,0.02076
1191,0.07933,0.05854,0.02079
1192,0.08342,0.06273,0.02069
1193,0.08091,0.06004,0.02087
1194,0.07856,0.05754,0.02102
1195,0.07815,0.05735,0.02080
1196,0.07820,0.05740,0.02080
1197,0.08006,0.05940,0.02066
1198,0.07732,0.05657,0.02075
1199,0.07713,0.05640,0.02073
1200,0.08048,0.05972,0.02076
1201,0.07980,0.05903,0.02077
1202,0.08159,0.06089,0.02070
1203,0.08046,0.05981,0.02065
1204,0.07781,0.05715,0.02066
1205,0.07975,0.05903,0.02071
1206,0.07629,0.05561,0.02068
1207,0.07937,0.05864,0.02074
1208,0.07673,0.05603,0.02070
1209,0.07826,0.05755,0.02071
1210,0.07757,0.05692,0.02064
1211,0.07867,0.05796,0.02071
1212,0.07842,0.05775,0.02066
1213,0.07808,0.05739,0.02068
1214,0.07926,0.05864,0.02061
1215,0.07920,0.05856,0.02063
1216,0.07570,0.05499,0.02071
1217,0.07864,0.05764,0.02100
1218,0.07600,0.05510,0.02091
1219,0.07687,0.05624,0.02063
1220,0.08061,0.06000,0.02060
1221,0.07838,0.05770,0.02068
1222,0.07670,0.05604,0.02066
1223,0.07649,0.05588,0.02061
1224,0.07767,0.05702,0.02066
1225,0.07563,0.05491,0.02072
1226,0.07568,0.05504,0.02064
1227,0.07614,0.05549,0.02065
1228,0.07628,0.05569,0.02060
1229,0.07819,0.05750,0.02069
1230,0.07620,0.05559,0.02061
1231,0.07652,0.05590,0.02062
1232,0.07499,0.05409,0.02091
1233,0.07296,0.05227,0.02069
1234,0.07293,0.05232,0.02061
1235,0.07612,0.05544,0.02068
1236,0.07713,0.05652,0.02062
1237,0.07265,0.05213,0.02052
1238,0.07598,0.05529,0.02069
1239,0.07595,0.05523,0.02072
1240,0.07496,0.05431,0.02065
1241,0.07591,0.05535,0.02057
1242,0.07542,0.05482,0.02060
1243,0.07397,0.05328,0.02068
1244,0.07372,0.05306,0.02066
1245,0.07408,0.05351,0.02057
1246,0.07419,0.05359,0.02060
1247,0.07573,0.05485,0.02088
1248,0.07169,0.05097,0.02072
1249,0.07412,0.05340,0.02072
1250,0.07295,0.05223,0.02072
1251,0.07381,0.05324,0.02057
1252,0.07240,0.05181,0.02059
1253,0.07158,0.05092,0.02066
1254,0.07190,0.05130,0.02060
1255,0.07312,0.05254,0.02058
1256,0.07342,0.05281,0.02060
1257,0.07416,0.05350,0.02065
1258,0.07309,0.05243,0.02065
1259,0.07340,0.05287,0.02053
1260,0.06971,0.04908,0.02063
1261,0.07398,0.05338,0.02060
1262,0.07269,0.05213,0.02056
1263,0.07104,0.05043,0.02061
1264,0.06990,0.04923,0.02066
1265,0.07072,0.05016,0.02056
1266,0.07088,0.05029,0.02059
1267,0.07206,0.05147,0.02058
1268,0.07155,0.05105,0.02050
1269,0.07185,0.05127,0.02059
1270,0.07235,0.05178,0.02058
1271,0.07260,0.05193,0.02067
1272,0.07009,0.04951,0.02058
1273,0.07073,0.05019,0.02054
1274,0.07201,0.05144,0.02057
1275,0.06982,0.04923,0.02060
1276,0.06851,0.04797,0.02054
1277,0.06935,0.04866,0.02069
1278,0.06972,0.04904,0.02068
1279,0.06884,0.04842,0.02043
1280,0.07094,0.05038,0.02056
1281,0.07117,0.05056,0.02061
1282,0.07090,0.05027,0.02063
1283,0.06864,0.04805,0.02059
1284,0.06907,0.04849,0.02058
1285,0.06980,0.04925,0.02054
1286,0.06978,0.04933,0.02045
1287,0.07006,0.04952,0.02054
1288,0.06894,0.04838,0.02056
1289,0.06885,0.04827,0.02059
1290,0.06988,0.04932,0.02056
1291,0.06961,0.04900,0.02061
1292,0.06848,0.04796,0.02052
1293,0.06826,0.04771,0.02055
1294,0.06877,0.04823,0.02054
1295,0.07013,0.04942,0.02071
1296,0.06706,0.04630,0.02076
1297,0.06648,0.04594,0.02054
1298,0.06859,0.04799,0.02060
1299,0.06958,0.04901,0.02057
1300,0.06874,0.04812,0.02062
1301,0.06588,0.04519,0.02070
1302,0.06860,0.04802,0.02058
1303,0.06984,0.04925,0.02058
1304,0.06751,0.04685,0.02065
1305,0.06914,0.04855,0.02059
1306,0.06889,0.04833,0.02056
1307,0.06903,0.04854,0.02049
1308,0.06825,0.04777,0.02048
1309,0.06972,0.04922,0.02050
1310,0.06827,0.04773,0.02054
1311,0.06576,0.04524,0.02052
1312,0.06820,0.04763,0.02057
1313,0.06863,0.04802,0.02061
1314,0.06725,0.04683,0.02043
1315,0.06703,0.04653,0.02050
1316,0.06495,0.04446,0.02049
1317,0.06712,0.04660,0.02053
1318,0.06815,0.04758,0.02057
1319,0.06651,0.04599,0.02053
1320,0.06658,0.04607,0.02051
1321,0.06699,0.04650,0.02050
1322,0.06620,0.04567,0.02052
1323,0.06732,0.04681,0.02051
1324,0.06767,0.04716,0.02051
1325,0.06604,0.04551,0.02053
1326,0.06565,0.04514,0.02051
1327,0.06677,0.04630,0.02047
1328,0.06598,0.04552,0.02046
1329,0.06611,0.04563,0.02048
1330,0.06635,0.04591,0.02044
1331,0.06430,0.04382,0.02048
1332,0.06620,0.04552,0.02068
1333,0.06480,0.04433,0.02047
1334,0.06590,0.04543,0.02047
1335,0.06489,0.04439,0.02049
1336,0.06671,0.04621,0.02050
1337,0.06456,0.04407,0.02049
1338,0.06472,0.04407,0.02064
1339,0.06546,0.04502,0.02043
1340,0.06436,0.04389,0.02047
1341,0.06558,0.04513,0.02045
1342,0.06461,0.04407,0.02054
1343,0.06640,0.04587,0.02053
1344,0.06461,0.04401,0.02060
1345,0.06673,0.04627,0.02046
1346,0.06598,0.04552,0.02046
1347,0.06614,0.04566,0.02048
1348,0.06444,0.04399,0.02045
1349,0.06366,0.04314,0.02052
1350,0.06408,0.04352,0.02056
1351,0.06231,0.04183,0.02048
1352,0.06521,0.04470,0.02051
1353,0.06168,0.04111,0.02057
1354,0.06181,0.04135,0.02046
1355,0.06564,0.04514,0.02050
1356,0.06384,0.04343,0.02041
1357,0.06388,0.04339,0.02050
1358,0.06416,0.04373,0.02043
1359,0.06292,0.04241,0.02051
1360,0.06506,0.04461,0.02045
1361,0.06298,0.04242,0.02056
1362,0.06273,0.04231,0.02042
1363,0.06317,0.04265,0.02053
1364,0.06173,0.04128,0.02045
1365,0.06239,0.04195,0.02044
1366,0.06386,0.04334,0.02052
1367,0.06355,0.04300,0.02054
1368,0.06334,0.04275,0.02059
1369,0.06284,0.04244,0.02040
1370,0.06078,0.04033,0.02045
1371,0.06344,0.04303,0.02042
1372,0.06322,0.04275,0.02046
1373,0.06171,0.04133,0.02038
1374,0.06355,0.04309,0.02046
1375,0.06144,0.04102,0.02042
1376,0.06120,0.04071,0.02048
1377,0.06203,0.04156,0.02047
1378,0.06305,0.04256,0.02049
1379,0.06014,0.03975,0.02039
1380,0.06142,0.04098,0.02044
1381,0.06179,0.04134,0.02045
1382,0.06053,0.04010,0.02043
1383,0.06125,0.04084,0.02041
1384,0.06271,0.04226,0.02046
1385,0.06110,0.04064,0.02046
1386,0.06134,0.04090,0.02043
1387,0.06173,0.04128,0.02045
1388,0.05944,0.03894,0.02050
1389,0.06042,0.04001,0.02041
1390,0.06125,0.04079,0.02046
1391,0.06067,0.04028,0.02039
1392,0.06091,0.04048,0.02043
1393,0.06119,0.04070,0.02049
1394,0.05954,0.03898,0.02056
1395,0.06091,0.04053,0.02038
1396,0.06045,0.04007,0.02038
1397,0.06074,0.04040,0.02034
1398,0.06189,0.04141,0.02049
1399,0.06019,0.03977,0.02043
1400,0.06049,0.03999,0.02050
1401,0.06073,0.04031,0.02041
1402,0.06108,0.04072,0.02036
1403,0.06124,0.04084,0.02039
1404,0.06001,0.03962,0.02039
1405,0.05998,0.03954,0.02044
1406,0.06120,0.04084,0.02036
1407,0.06009,0.03971,0.02038
1408,0.06054,0.04005,0.02049
1409,0.06015,0.03978,0.02037
1410,0.05974,0.03929,0.02046
1411,0.05970,0.03923,0.02047
1412,0.05938,0.03905,0.02033
1413,0.05990,0.03948,0.02041
1414,0.05886,0.03846,0.02040
1415,0.05907,0.03875,0.02032
1416,0.06062,0.04024,0.02038
1417,0.06034,0.03985,0.02048
1418,0.05762,0.03723,0.02039
1419,0.05900,0.03864,0.02036
1420,0.05845,0.03810,0.02036
1421,0.06044,0.04009,0.02035
1422,0.05863,0.03825,0.02039
1423,0.05953,0.03912,0.02041
1424,0.05838,0.03802,0.02036
1425,0.06005,0.03969,0.02037
1426,0.06067,0.04024,0.02043
1427,0.05899,0.03858,0.02041
1428,0.05945,0.03908,0.02037
1429,0.05966,0.03933,0.02033
1430,0.05836,0.03796,0.02040
1431,0.06074,0.04036,0.02038
1432,0.05831,0.03790,0.02041
1433,0.05796,0.03759,0.02037
1434,0.05680,0.03641,0.02039
1435,0.05923,0.03877,0.02046
1436,0.05800,0.03766,0.02035
1437,0.05960,0.03921,0.02039
1438,0.05813,0.03770,0.02042
1439,0.05787,0.03751,0.02036
1440,0.05752,0.03718,0.02034
1441,0.05808,0.03774,0.02034
1442,0.05812,0.03774,0.02038
1443,0.05776,0.03733,0.02044
1444,0.05691,0.03648,0.02043
1445,0.05738,0.03700,0.02038
1446,0.05871,0.03831,0.02040
1447,0.05859,0.03816,0.02043
1448,0.05810,0.03774,0.02036
1449,0.05748,0.03713,0.02036
1450,0.05784,0.03745,0.02039
1451,0.05661,0.03627,0.02033
1452,0.05788,0.03744,0.02044
1453,0.05707,0.03668,0.02039
1454,0.05668,0.03632,0.02036
1455,0.05743,0.03703,0.02040
1456,0.05661,0.03622,0.02039
1457,0.05682,0.03650,0.02032
1458,0.05713,0.03682,0.02030
1459,0.05633,0.03593,0.02040
1460,0.05787,0.03750,0.02036
1461,0.05766,0.03725,0.02042
1462,0.05696,0.03662,0.02034
1463,0.05751,0.03708,0.02043
1464,0.05812,0.03773,0.02039
1465,0.05708,0.03669,0.02039
1466,0.05715,0.03685,0.02030
1467,0.05719,0.03682,0.02037
1468,0.05548,0.03515,0.02033
1469,0.05706,0.03675,0.02031
1470,0.05808,0.03767,0.02041
1471,0.05713,0.03679,0.02034
1472,0.05552,0.03515,0.02037
1473,0.05654,0.03619,0.02034
1474,0.05593,0.03560,0.02033
1475,0.05744,0.03714,0.02030
1476,0.05686,0.03657,0.02030
1477,0.05564,0.03534,0.02029
1478,0.05588,0.03552,0.02036
1479,0.05575,0.03540,0.02035
1480,0.05491,0.03457,0.02034
1481,0.05384,0.03346,0.02039
1482,0.05707,0.03679,0.02028
1483,0.05582,0.03544,0.02038
1484,0.05503,0.03474,0.02029
1485,0.05560,0.03524,0.02037
1486,0.05681,0.03652,0.02029
1487,0.05533,0.03502,0.02031
1488,0.05507,0.03480,0.02027
1489,0.05633,0.03602,0.02032
1490,0.05668,0.03635,0.02033
1491,0.05612,0.03580,0.02032
1492,0.05504,0.03472,0.02033
1493,0.05502,0.03470,0.02032
1494,0.05452,0.03421,0.02031
1495,0.05543,0.03511,0.02032
1496,0.05465,0.03431,0.02034
1497,0.05415,0.03383,0.02033
1498,0.05478,0.03445,0.02034
1499,0.05540,0.03500,0.02040
1500,0.05517,0.03479,0.02038
1501,0.05488,0.03453,0.02034
1502,0.05458,0.03423,0.02035
1503,0.05515,0.03486,0.02028
1504,0.05444,0.03409,0.02035
1505,0.05484,0.03448,0.02036
1506,0.05547,0.03523,0.02024
1507,0.05508,0.03473,0.02035
1508,0.05496,0.03464,0.02032
1509,0.05571,0.03546,0.02026
1510,0.05545,0.03517,0.02029
1511,0.05577,0.03546,0.02031
1512,0.05478,0.03446,0.02031
1513,0.05374,0.03346,0.02027
1514,0.05435,0.03401,0.02034
1515,0.05385,0.03355,0.02031
1516,0.05401,0.03370,0.02031
1517,0.05386,0.03358,0.02028
1518,0.05604,0.03575,0.02029
1519,0.05497,0.03465,0.02032
1520,0.05551,0.03518,0.02033
1521,0.05470,0.03435,0.02035
1522,0.05411,0.03381,0.02030
1523,0.05412,0.03380,0.02032
1524,0.05438,0.03399,0.02039
1525,0.05394,0.03373,0.02021
1526,0.05393,0.03368,0.02025
1527,0.05272,0.03255,0.02018
1528,0.05476,0.03452,0.02024
1529,0.05300,0.03271,0.02029
1530,0.05453,0.03426,0.02028
1531,0.05259,0.03222,0.02037
1532,0.05352,0.03332,0.02021
1533,0.05379,0.03347,0.02032
1534,0.05574,0.03551,0.02024
1535,0.05371,0.03337,0.02033
1536,0.05320,0.03296,0.02025
1537,0.05271,0.03243,0.02028
1538,0.05453,0.03429,0.02024
1539,0.05299,0.03274,0.02025
1540,0.05368,0.03336,0.02032
1541,0.05375,0.03348,0.02028
1542,0.05367,0.03336,0.02031
1543,0.05208,0.03184,0.02024
1544,0.05360,0.03333,0.02027
1545,0.05361,0.03336,0.02025
1546,0.05431,0.03398,0.02032
1547,0.05367,0.03337,0.02030
1548,0.05188,0.03164,0.02024
1549,0.05344,0.03317,0.02027
1550,0.05373,0.03344,0.02029
1551,0.05351,0.03327,0.02024
1552,0.05253,0.03220,0.02032
1553,0.05299,0.03280,0.02019
1554,0.05289,0.03268,0.02021
1555,0.05380,0.03348,0.02031
1556,0.05336,0.03317,0.02019
1557,0.05257,0.03233,0.02024
1558,0.05129,0.03108,0.02021
1559,0.05296,0.03265,0.02030
1560,0.05223,0.03193,0.02029
1561,0.05336,0.03313,0.02023
1562,0.05310,0.03280,0.02030
1563,0.05283,0.03261,0.02022
1564,0.05305,0.03278,0.02027
1565,0.05254,0.03230,0.02024
1566,0.05289,0.03260,0.02029
1567,0.05309,0.03278,0.02031
1568,0.05178,0.03151,0.02028
1569,0.05301,0.03276,0.02025
1570,0.05222,0.03205,0.02017
1571,0.05281,0.03257,0.02024
1572,0.05331,0.03307,0.02024
1573,0.05200,0.03176,0.02025
1574,0.05130,0.03103,0.02027
1575,0.05215,0.03190,0.02025
1576,0.05275,0.03252,0.02023
1577,0.05071,0.03049,0.02022
1578,0.05215,0.03186,0.02029
1579,0.05161,0.03140,0.02021
1580,0.05204,0.03182,0.02022
1581,0.05191,0.03164,0.02027
1582,0.05370,0.03337,0.02033
1583,0.05103,0.03083,0.02021
1584,0.05306,0.03274,0.02032
1585,0.05083,0.03053,0.02030
1586,0.05251,0.03226,0.02025
1587,0.05246,0.03223,0.02022
1588,0.05177,0.03153,0.02023
1589,0.05217,0.03192,0.02025
1590,0.05267,0.03243,0.02024
1591,0.05285,0.03260,0.02025
1592,0.05214,0.03183,0.02031
1593,0.05092,0.03069,0.02024
1594,0.05257,0.03233,0.02024
1595,0.05210,0.03188,0.02022
1596,0.05286,0.03258,0.02028
1597,0.05232,0.03208,0.02025
1598,0.05120,0.03097,0.02023
1599,0.05145,0.03123,0.02022
1600,0.05091,0.03073,0.02018
1601,0.05095,0.03072,0.02023
1602,0.05034,0.03009,0.02025
1603,0.05154,0.03131,0.02023
1604,0.05149,0.03123,0.02026
1605,0.05168,0.03145,0.02023
1606,0.05101,0.03075,0.02026
1607,0.05184,0.03162,0.02023
1608,0.05094,0.03076,0.02018
1609,0.05005,0.02983,0.02023
1610,0.05113,0.03087,0.02026
1611,0.05157,0.03130,0.02027
1612,0.05064,0.03045,0.02019
1613,0.05110,0.03090,0.02020
1614,0.05083,0.03066,0.02017
1615,0.05170,0.03149,0.02021
1616,0.05036,0.03010,0.02026
1617,0.05111,0.03092,0.02019
1618,0.05034,0.03018,0.02016
1619,0.05021,0.02999,0.02022
1620,0.05010,0.02988,0.02022
1621,0.05186,0.03168,0.02018
1622,0.05115,0.03095,0.02020
1623,0.05051,0.03035,0.02016
1624,0.05069,0.03049,0.02020
1625,0.05076,0.03056,0.02020
1626,0.05143,0.03123,0.02020
1627,0.05148,0.03128,0.02020
1628,0.05152,0.03131,0.02021
1629,0.05052,0.03033,0.02019
1630,0.05089,0.03072,0.02017
1631,0.05055,0.03040,0.02014
1632,0.05149,0.03125,0.02024
1633,0.05031,0.03013,0.02017
1634,0.05091,0.03071,0.02020
1635,0.05144,0.03120,0.02024
1636,0.05066,0.03046,0.02020
1637,0.05008,0.02992,0.02016
1638,0.05230,0.03214,0.02016
1639,0.05002,0.02985,0.02017
1640,0.05038,0.03015,0.02023
1641,0.05054,0.03039,0.02015
1642,0.05098,0.03077,0.02021
1643,0.05033,0.03017,0.02016
1644,0.05027,0.03002,0.02025
1645,0.05030,0.03014,0.02016
1646,0.05106,0.03082,0.02024
1647,0.05004,0.02990,0.02015
1648,0.05056,0.03033,0.02023
1649,0.05027,0.03002,0.02025
1650,0.04986,0.02965,0.02021
1651,0.05048,0.03029,0.02019
1652,0.05019,0.02999,0.02020
1653,0.04885,0.02867,0.02018
1654,0.04988,0.02972,0.02015
1655,0.04949,0.02938,0.02012
1656,0.05137,0.03121,0.02016
1657,0.04871,0.02851,0.02020
1658,0.04943,0.02923,0.02020
1659,0.04940,0.02922,0.02018
1660,0.05022,0.03002,0.02020
1661,0.04928,0.02914,0.02014
1662,0.04940,0.02920,0.02019
1663,0.05038,0.03016,0.02022
1664,0.04939,0.02922,0.02017
1665,0.05037,0.03015,0.02022
1666,0.04967,0.02950,0.02017
1667,0.04879,0.02860,0.02019
1668,0.04965,0.02944,0.02021
1669,0.05038,0.03027,0.02010
1670,0.04945,0.02929,0.02016
1671,0.04981,0.02962,0.02018
1672,0.04907,0.02890,0.02016
1673,0.05000,0.02983,0.02017
1674,0.04809,0.02789,0.02020
1675,0.05029,0.03012,0.02018
1676,0.04832,0.02807,0.02024
1677,0.04925,0.02898,0.02027
1678,0.04863,0.02842,0.02020
1679,0.04943,0.02928,0.02014
1680,0.04959,0.02943,0.02016
1681,0.04801,0.02787,0.02015
1682,0.04935,0.02924,0.02011
1683,0.04773,0.02761,0.02012
1684,0.04962,0.02948,0.02014
1685,0.04921,0.02907,0.02014
1686,0.05099,0.03077,0.02022
1687,0.04892,0.02878,0.02014
1688,0.04945,0.02926,0.02019
1689,0.04888,0.02870,0.02018
1690,0.04959,0.02939,0.02020
1691,0.04940,0.02924,0.02016
1692,0.05001,0.02979,0.02021
1693,0.05124,0.03104,0.02020
1694,0.04929,0.02913,0.02016
1695,0.04870,0.02852,0.02018
1696,0.05045,0.03033,0.02013
1697,0.04888,0.02878,0.02011
1698,0.04918,0.02901,0.02017
1699,0.04838,0.02826,0.02012
1700,0.04957,0.02936,0.02021
1701,0.04994,0.02980,0.02013
1702,0.04891,0.02874,0.02017
1703,0.04849,0.02833,0.02016
1704,0.04797,0.02782,0.02015
1705,0.04839,0.02825,0.02014
1706,0.04834,0.02819,0.02014
1707,0.04928,0.02915,0.02014
1708,0.04799,0.02779,0.02020
1709,0.04909,0.02890,0.02019
1710,0.04933,0.02918,0.02014
1711,0.04915,0.02902,0.02014
1712,0.04907,0.02891,0.02016
1713,0.04807,0.02793,0.02014
1714,0.04947,0.02931,0.02016
1715,0.04887,0.02872,0.02015
1716,0.04929,0.02914,0.02015
1717,0.04790,0.02780,0.02010
1718,0.04931,0.02916,0.02015
1719,0.04824,0.02818,0.02006
1720,0.04785,0.02771,0.02014
1721,0.04868,0.02854,0.02015
1722,0.04867,0.02847,0.02021
1723,0.04836,0.02821,0.02015
1724,0.04843,0.02831,0.02013
1725,0.04960,0.02948,0.02012
1726,0.04974,0.02961,0.02013
1727,0.04977,0.02968,0.02010
1728,0.04886,0.02870,0.02016
1729,0.04857,0.02846,0.02011
1730,0.04822,0.02804,0.02017
1731,0.04848,0.02832,0.02015
1732,0.04818,0.02807,0.02012
1733,0.04756,0.02738,0.02019
1734,0.04771,0.02757,0.02013
1735,0.04705,0.02693,0.02012
1736,0.04890,0.02873,0.02017
1737,0.04783,0.02774,0.02009
1738,0.04883,0.02872,0.02012
1739,0.04789,0.02773,0.02017
1740,0.04851,0.02840,0.02011
1741,0.04769,0.02751,0.02019
1742,0.04744,0.02727,0.02017
1743,0.04827,0.02813,0.02015
1744,0.04933,0.02914,0.02019
1745,0.04723,0.02703,0.02020
1746,0.04851,0.02840,0.02011
1747,0.04753,0.02742,0.02011
1748,0.04776,0.02765,0.02011
1749,0.04819,0.02807,0.02012
1750,0.04848,0.02839,0.02009
1751,0.04860,0.02848,0.02012
1752,0.04768,0.02754,0.02015
1753,0.04850,0.02839,0.02011
1754,0.04660,0.02648,0.02011
1755,0.04810,0.02797,0.02013
1756,0.04828,0.02813,0.02015
1757,0.04854,0.02845,0.02009
1758,0.04855,0.02842,0.02013
1759,0.04758,0.02741,0.02018
1760,0.04760,0.02749,0.02012
1761,0.04717,0.02705,0.02012
1762,0.04754,0.02750,0.02005
1763,0.04752,0.02742,0.02010
1764,0.04911,0.02897,0.02014
1765,0.04815,0.02809,0.02007
1766,0.04900,0.02882,0.02018
1767,0.04844,0.02827,0.02016
1768,0.04821,0.02805,0.02016
1769,0.04748,0.02732,0.02016
1770,0.04746,0.02737,0.02009
1771,0.04800,0.02794,0.02007
1772,0.04931,0.02919,0.02013
1773,0.04684,0.02667,0.02017
1774,0.04755,0.02743,0.02011
1775,0.04723,0.02713,0.02011
1776,0.04652,0.02644,0.02008
1777,0.04744,0.02736,0.02009
1778,0.04724,0.02712,0.02012
1779,0.04808,0.02793,0.02015
1780,0.04726,0.02714,0.02012
1781,0.04747,0.02736,0.02011
1782,0.04741,0.02729,0.02013
1783,0.04725,0.02711,0.02014
1784,0.04809,0.02795,0.02013
1785,0.04763,0.02747,0.02016
1786,0.04803,0.02793,0.02009
1787,0.04839,0.02827,0.02012
1788,0.04779,0.02771,0.02008
1789,0.04679,0.02670,0.02010
1790,0.04728,0.02717,0.02011
1791,0.04761,0.02745,0.02016
1792,0.04770,0.02757,0.02013
1793,0.04730,0.02720,0.02009
1794,0.04759,0.02747,0.02012
1795,0.04853,0.02844,0.02009
1796,0.04696,0.02684,0.02012
1797,0.04736,0.02724,0.02012
1798,0.04679,0.02670,0.02009
1799,0.04776,0.02762,0.02014
1800,0.04785,0.02771,0.02015
1801,0.04723,0.02707,0.02016
1802,0.04714,0.02696,0.02018
1803,0.04799,0.02789,0.02009
1804,0.04801,0.02787,0.02015
1805,0.04724,0.02712,0.02012
1806,0.04727,0.02708,0.02019
1807,0.04689,0.02683,0.02006
1808,0.04803,0.02790,0.02013
1809,0.04707,0.02695,0.02012
1810,0.04713,0.02701,0.02012
1811,0.04751,0.02736,0.02016
1812,0.04835,0.02824,0.02011
1813,0.04726,0.02716,0.02010
1814,0.04698,0.02689,0.02009
1815,0.04669,0.02654,0.02014
1816,0.04799,0.02784,0.02015
1817,0.04656,0.02651,0.02006
1818,0.04571,0.02559,0.02011
1819,0.04693,0.02684,0.02010
1820,0.04752,0.02740,0.02012
1821,0.04701,0.02688,0.02013
1822,0.04720,0.02708,0.02012
1823,0.04704,0.02691,0.02013
1824,0.04737,0.02725,0.02012
1825,0.04668,0.02656,0.02012
1826,0.04610,0.02597,0.02012
1827,0.04656,0.02649,0.02007
1828,0.04781,0.02771,0.02011
1829,0.04712,0.02700,0.02011
1830,0.04776,0.02766,0.02010
1831,0.04688,0.02683,0.02005
1832,0.04671,0.02657,0.02014
1833,0.04711,0.02702,0.02009
1834,0.04823,0.02813,0.02010
1835,0.04746,0.02728,0.02018
1836,0.04669,0.02657,0.02012
1837,0.04647,0.02634,0.02013
1838,0.04744,0.02736,0.02008
1839,0.04672,0.02662,0.02009
1840,0.04710,0.02701,0.02009
1841,0.04841,0.02834,0.02008
1842,0.04680,0.02679,0.02001
1843,0.04664,0.02654,0.02011
1844,0.04640,0.02633,0.02008
1845,0.04635,0.02626,0.02009
1846,0.04802,0.02793,0.02010
1847,0.04640,0.02633,0.02007
1848,0.04742,0.02730,0.02012
1849,0.04633,0.02623,0.02011
1850,0.04666,0.02658,0.02008
1851,0.04690,0.02678,0.02012
1852,0.04691,0.02687,0.02004
1853,0.04684,0.02671,0.02013
1854,0.04734,0.02726,0.02008
1855,0.04699,0.02691,0.02008
1856,0.04801,0.02793,0.02008
1857,0.04757,0.02748,0.02009
1858,0.04706,0.02697,0.02009
1859,0.04640,0.02637,0.02004
1860,0.04607,0.02597,0.02009
1861,0.04685,0.02676,0.02009
1862,0.04633,0.02623,0.02011
1863,0.04736,0.02727,0.02009
1864,0.04684,0.02677,0.02007
1865,0.04711,0.02706,0.02005
1866,0.04705,0.02698,0.02006
1867,0.04699,0.02691,0.02008
1868,0.04661,0.02652,0.02009
1869,0.04668,0.02658,0.02010
1870,0.04703,0.02695,0.02007
1871,0.04624,0.02617,0.02006
1872,0.04665,0.02651,0.02014
1873,0.04671,0.02655,0.02016
1874,0.04518,0.02505,0.02013
1875,0.04656,0.02641,0.02016
1876,0.04709,0.02700,0.02009
1877,0.04709,0.02700,0.02009
1878,0.04593,0.02587,0.02006
1879,0.04698,0.02688,0.02010
1880,0.04729,0.02713,0.02015
1881,0.04756,0.02743,0.02013
1882,0.04702,0.02697,0.02005
1883,0.04606,0.02598,0.02007
1884,0.04695,0.02684,0.02010
1885,0.04641,0.02630,0.02010
1886,0.04693,0.02684,0.02008
1887,0.04589,0.02582,0.02007
1888,0.04636,0.02632,0.02004
1889,0.04648,0.02635,0.02014
1890,0.04652,0.02646,0.02006
1891,0.04725,0.02717,0.02007
1892,0.04726,0.02712,0.02014
1893,0.04710,0.02700,0.02010
1894,0.04687,0.02677,0.02011
1895,0.04718,0.02706,0.02012
1896,0.04648,0.02639,0.02008
1897,0.04626,0.02614,0.02012
1898,0.04533,0.02526,0.02006
1899,0.04594,0.02585,0.02009
1900,0.04575,0.02570,0.02005
1901,0.04590,0.02584,0.02007
1902,0.04688,0.02682,0.02006
1903,0.04635,0.02627,0.02008
1904,0.04689,0.02674,0.02015
1905,0.04832,0.02821,0.02011
1906,0.04597,0.02585,0.02012
1907,0.04710,0.02701,0.02009
1908,0.04608,0.02603,0.02005
1909,0.04633,0.02625,0.02008
1910,0.04644,0.02637,0.02007
1911,0.04565,0.02557,0.02007
1912,0.04666,0.02663,0.02003
1913,0.04671,0.02661,0.02009
1914,0.04684,0.02675,0.02010
1915,0.04711,0.02704,0.02006
1916,0.04684,0.02678,0.02006
1917,0.04597,0.02591,0.02006
1918,0.04698,0.02690,0.02008
1919,0.04574,0.02569,0.02005
1920,0.04532,0.02521,0.02011
1921,0.04595,0.02596,0.02000
1922,0.04584,0.02577,0.02008
1923,0.04670,0.02664,0.02006
1924,0.04715,0.02702,0.02012
1925,0.04721,0.02708,0.02013
1926,0.04677,0.02667,0.02010
1927,0.04664,0.02657,0.02008
1928,0.04597,0.02586,0.02011
1929,0.04676,0.02674,0.02002
1930,0.04606,0.02592,0.02015
1931,0.04675,0.02669,0.02006
1932,0.04588,0.02577,0.02011
1933,0.04560,0.02554,0.02006
1934,0.04637,0.02638,0.01999
1935,0.04703,0.02694,0.02009
1936,0.04710,0.02703,0.02007
1937,0.04715,0.02705,0.02011
1938,0.04770,0.02759,0.02010
1939,0.04546,0.02534,0.02012
1940,0.04575,0.02571,0.02004
1941,0.04734,0.02723,0.02012
1942,0.04653,0.02640,0.02014
1943,0.04514,0.02511,0.02003
1944,0.04688,0.02678,0.02009
1945,0.04607,0.02597,0.02010
1946,0.04681,0.02676,0.02005
1947,0.04611,0.02604,0.02007
1948,0.04616,0.02606,0.02010
1949,0.04622,0.02611,0.02011
1950,0.04657,0.02650,0.02007
1951,0.04645,0.02636,0.02009
1952,0.04650,0.02641,0.02010
1953,0.04703,0.02698,0.02005
1954,0.04719,0.02710,0.02009
1955,0.04609,0.02600,0.02008
1956,0.04676,0.02668,0.02008
1957,0.04616,0.02610,0.02006
1958,0.04605,0.02597,0.02008
1959,0.04589,0.02577,0.02012
1960,0.04559,0.02551,0.02008
1961,0.04752,0.02746,0.02006
1962,0.04681,0.02666,0.02015
1963,0.04631,0.02621,0.02011
1964,0.04700,0.02689,0.02011
1965,0.04671,0.02669,0.02002
1966,0.04717,0.02711,0.02007
1967,0.04588,0.02583,0.02006
1968,0.04582,0.02581,0.02001
1969,0.04562,0.02558,0.02003
1970,0.04638,0.02634,0.02004
1971,0.04600,0.02593,0.02007
1972,0.04663,0.02650,0.02013
1973,0.04551,0.02548,0.02003
1974,0.04605,0.02599,0.02006
1975,0.04716,0.02706,0.02010
1976,0.04474,0.02470,0.02004
1977,0.04643,0.02635,0.02008
1978,0.04664,0.02661,0.02004
1979,0.04657,0.02647,0.02010
1980,0.04589,0.02583,0.02006
1981,0.04664,0.02654,0.02010
1982,0.04686,0.02681,0.02004
1983,0.04563,0.02558,0.02005
1984,0.04692,0.02688,0.02004
1985,0.04567,0.02558,0.02009
1986,0.04582,0.02575,0.02007
1987,0.04712,0.02708,0.02004
1988,0.04704,0.02699,0.02005
1989,0.04562,0.02557,0.02005
1990,0.04638,0.02628,0.02010
1991,0.04665,0.02661,0.02004
1992,0.04551,0.02544,0.02007
1993,0.04530,0.02522,0.02007
1994,0.04672,0.02664,0.02007
1995,0.04575,0.02564,0.02010
1996,0.04648,0.02646,0.02002
1997,0.04607,0.02599,0.02008
1998,0.04602,0.02594,0.02008
1999,0.04560,0.02551,0.02009
